 SPINE
 ----------------------------------------------------------------
        Layer (type)               Output Shape         Param #
================================================================
            Conv2d-1         [-1, 64, 640, 640]           1,792
       BatchNorm2d-2         [-1, 64, 640, 640]             128
              ReLU-3         [-1, 64, 640, 640]               0
            Conv2d-4         [-1, 64, 640, 640]          36,928
       BatchNorm2d-5         [-1, 64, 640, 640]             128
              ReLU-6         [-1, 64, 640, 640]               0
         MaxPool2d-7         [-1, 64, 320, 320]               0
            Conv2d-8        [-1, 128, 320, 320]          73,856
       BatchNorm2d-9        [-1, 128, 320, 320]             256
             ReLU-10        [-1, 128, 320, 320]               0
           Conv2d-11        [-1, 128, 320, 320]         147,584
      BatchNorm2d-12        [-1, 128, 320, 320]             256
             ReLU-13        [-1, 128, 320, 320]               0
        MaxPool2d-14        [-1, 128, 160, 160]               0
           Conv2d-15        [-1, 256, 160, 160]         295,168
      BatchNorm2d-16        [-1, 256, 160, 160]             512
             ReLU-17        [-1, 256, 160, 160]               0
           Conv2d-18        [-1, 256, 160, 160]         590,080
      BatchNorm2d-19        [-1, 256, 160, 160]             512
             ReLU-20        [-1, 256, 160, 160]               0
           Conv2d-21        [-1, 256, 160, 160]         590,080
      BatchNorm2d-22        [-1, 256, 160, 160]             512
             ReLU-23        [-1, 256, 160, 160]               0
        MaxPool2d-24          [-1, 256, 80, 80]               0
           Conv2d-25          [-1, 512, 80, 80]       1,180,160
      BatchNorm2d-26          [-1, 512, 80, 80]           1,024
             ReLU-27          [-1, 512, 80, 80]               0
           Conv2d-28          [-1, 512, 80, 80]       2,359,808
      BatchNorm2d-29          [-1, 512, 80, 80]           1,024
             ReLU-30          [-1, 512, 80, 80]               0
           Conv2d-31          [-1, 512, 80, 80]       2,359,808
      BatchNorm2d-32          [-1, 512, 80, 80]           1,024
             ReLU-33          [-1, 512, 80, 80]               0
        MaxPool2d-34          [-1, 512, 40, 40]               0
           Conv2d-35          [-1, 512, 40, 40]       2,359,808
      BatchNorm2d-36          [-1, 512, 40, 40]           1,024
             ReLU-37          [-1, 512, 40, 40]               0
           Conv2d-38          [-1, 512, 40, 40]       2,359,808
      BatchNorm2d-39          [-1, 512, 40, 40]           1,024
             ReLU-40          [-1, 512, 40, 40]               0
           Conv2d-41          [-1, 512, 40, 40]       2,359,808
      BatchNorm2d-42          [-1, 512, 40, 40]           1,024
             ReLU-43          [-1, 512, 40, 40]               0
================================================================
Total params: 14,723,136


 CLASSIFIER
 ----------------------------------------------------------------
        Layer (type)               Output Shape         Param #
================================================================
           Flatten-1                 [-1, 8192]               0
            Linear-2                 [-1, 2048]      16,779,264
       BatchNorm1d-3                 [-1, 2048]           4,096
         LeakyReLU-4                 [-1, 2048]               0
           Dropout-5                 [-1, 2048]               0
            Linear-6                 [-1, 2048]       4,196,352
       BatchNorm1d-7                 [-1, 2048]           4,096
         LeakyReLU-8                 [-1, 2048]               0
           Dropout-9                 [-1, 2048]               0
           Linear-10                 [-1, 1024]       2,098,176
      BatchNorm1d-11                 [-1, 1024]           2,048
        LeakyReLU-12                 [-1, 1024]               0
          Dropout-13                 [-1, 1024]               0
           Linear-14                  [-1, 512]         524,800
      BatchNorm1d-15                  [-1, 512]           1,024
        LeakyReLU-16                  [-1, 512]               0
          Dropout-17                  [-1, 512]               0
           Linear-18                    [-1, 7]           3,591
          Softmax-19                    [-1, 7]               0
================================================================
Total params: 23,613,447


REGRESSOR
----------------------------------------------------------------
        Layer (type)               Output Shape         Param #
================================================================
           Flatten-1                 [-1, 8192]               0
            Linear-2                 [-1, 1024]       8,389,632
       BatchNorm1d-3                 [-1, 1024]           2,048
         LeakyReLU-4                 [-1, 1024]               0
           Dropout-5                 [-1, 1024]               0
            Linear-6                  [-1, 512]         526,848
       BatchNorm1d-7                  [-1, 512]           1,024
         LeakyReLU-8                  [-1, 512]               0
           Dropout-9                  [-1, 512]               0
           Linear-10                  [-1, 256]         131,328
      BatchNorm1d-11                  [-1, 256]             512
        LeakyReLU-12                  [-1, 256]               0
          Dropout-13                  [-1, 256]               0
           Linear-14                    [-1, 4]           1,028
================================================================
Total params: 9,052,420


SEGMENTATOR
----------------------------------------------------------------
        Layer (type)               Output Shape         Param #
================================================================
   ConvTranspose2d-1          [-1, 256, 17, 17]       1,179,904
       BatchNorm2d-2          [-1, 256, 17, 17]             512
         LeakyReLU-3          [-1, 256, 17, 17]               0
   ConvTranspose2d-4          [-1, 128, 35, 35]         295,040
       BatchNorm2d-5          [-1, 128, 35, 35]             256
         LeakyReLU-6          [-1, 128, 35, 35]               0
   ConvTranspose2d-7           [-1, 64, 71, 71]          73,792
       BatchNorm2d-8           [-1, 64, 71, 71]             128
         LeakyReLU-9           [-1, 64, 71, 71]               0
  ConvTranspose2d-10         [-1, 32, 146, 146]          51,232
      BatchNorm2d-11         [-1, 32, 146, 146]              64
        LeakyReLU-12         [-1, 32, 146, 146]               0
           Conv2d-13          [-1, 6, 142, 142]           4,806
           Resize-14            [-1, 6, 96, 96]               0
          Sigmoid-15            [-1, 6, 96, 96]               0
================================================================
Total params: 1,605,734


TOTAL PARAMS: 48,994,737
